0 1.10123
0.015625 1.11527
0.03125 1.12957
0.046875 1.14411
0.0625 1.15892
0.078125 1.17398
0.09375 1.18932
0.109375 1.20492
0.125 1.22079
0.140625 1.23695
0.15625 1.25339
0.171875 1.27011
0.1875 1.28713
0.203125 1.30444
0.21875 1.32206
0.234375 1.33998
0.25 1.35821
0.265625 1.37676
0.28125 1.39563
0.296875 1.41483
0.3125 1.43435
0.328125 1.45422
0.34375 1.47442
0.359375 1.49497
0.375 1.51588
0.390625 1.53714
0.40625 1.55877
0.421875 1.58077
0.4375 1.60314
0.453125 1.6259
0.46875 1.64904
0.484375 1.67258
0.5 1.69652
0.515625 1.72087
0.53125 1.74563
0.546875 1.77081
0.5625 1.79642
0.578125 1.82246
0.59375 1.84894
0.609375 1.87587
0.625 1.90325
0.640625 1.9311
0.65625 1.95942
0.671875 1.98822
0.6875 2.0175
0.703125 2.04727
0.71875 2.07755
0.734375 2.10834
0.75 2.13964
0.765625 2.17147
0.78125 2.20384
0.796875 2.23675
0.8125 2.27021
0.828125 2.30423
0.84375 2.33882
0.859375 2.374
0.875 2.40976
0.890625 2.44612
0.90625 2.48309
0.921875 2.52068
0.9375 2.5589
0.953125 2.59776
0.96875 2.63727
0.984375 2.67744
1 2.71828
