-0.03 1.8327
-0.028125 1.71193
-0.02625 1.59117
-0.024375 1.47041
-0.0225 1.34964
-0.020625 1.22888
-0.01875 1.10811
-0.016875 0.98735
-0.015 0.866586
-0.013125 0.745822
-0.01125 0.625058
-0.009375 0.504294
-0.0075 0.38353
-0.005625 0.262766
-0.00375 0.142002
-0.001875 0.0212383
0 0.0995257
0.001875 0.22029
0.00375 0.341054
0.005625 0.461818
0.0075 0.582582
0.009375 0.703346
0.01125 0.82411
0.013125 0.944874
0.015 1.06564
0.016875 1.1864
0.01875 1.30717
0.020625 1.42793
0.0225 1.54869
0.024375 1.66946
0.02625 1.79022
0.028125 1.91099
0.03 2.03175
